6129
32016
58388
84936
110867
151395
176003
200214
223939
247797
289119
310331
333131
355666
378069
403074
424638
447526
469885
491626
541768
565317
587588
609285
632129
657134
679228
701190
723681
746436
781584
804913
827801
850159
872121
903873
925791
947620
969450
991500
1.02824e+06
1.04976e+06
1.0715e+06
1.09319e+06
1.1141e+06
1.14096e+06
1.16199e+06
1.18334e+06
1.20512e+06
1.22699e+06
1.25592e+06
1.27714e+06
1.29822e+06
1.31908e+06
1.34051e+06
1.37305e+06
1.39387e+06
1.41468e+06
1.43444e+06
1.45512e+06
